
      NO.            	   Temp              	  %RH              	  WB                 	  DP                 	 Heure 
      1          	     -1.0           	       15.1           	       -3.4           	      -24.2           	17-02-22/15:23:24 
      2          	     -1.8           	       16.0           	       -4.1           	      -24.2           	17-02-22/15:23:54 
      3          	     -2.5           	       16.1           	       -4.7           	      -24.7           	17-02-22/15:24:24 
      4          	     -3.3           	       16.2           	       -5.4           	      -25.3           	17-02-22/15:24:54 
      5          	     -4.0           	       16.3           	       -6.0           	      -25.8           	17-02-22/15:25:24 
      6          	     -4.7           	       16.6           	       -6.6           	      -26.2           	17-02-22/15:25:54 
      7          	     -5.4           	       16.8           	       -7.2           	      -26.7           	17-02-22/15:26:24 
      8          	     -6.1           	       17.1           	       -7.9           	      -27.0           	17-02-22/15:26:54 
      9          	     -6.7           	       17.3           	       -8.4           	      -27.4           	17-02-22/15:27:24 
     10          	     -7.3           	       17.7           	       -8.9           	      -27.7           	17-02-22/15:27:54 
     11          	     -8.0           	       18.2           	       -9.6           	      -28.0           	17-02-22/15:28:24 
     12          	     -8.5           	       18.5           	      -10.0           	      -28.2           	17-02-22/15:28:54 
     13          	     -9.1           	       18.9           	      -10.6           	      -28.5           	17-02-22/15:29:24 
     14          	     -9.6           	       19.2           	      -11.0           	      -28.7           	17-02-22/15:29:54 
     15          	    -10.2           	       19.5           	      -11.6           	      -29.1           	17-02-22/15:30:24 
     16          	    -10.6           	       20.0           	      -11.9           	      -29.1           	17-02-22/15:30:54 
     17          	    -11.2           	       20.3           	      -12.5           	      -29.5           	17-02-22/15:31:24 
     18          	    -11.6           	       20.7           	      -12.8           	      -29.6           	17-02-22/15:31:54 
     19          	    -12.0           	       21.2           	      -13.2           	      -29.7           	17-02-22/15:32:24 
     20          	    -12.5           	       21.8           	      -13.7           	      -29.8           	17-02-22/15:32:54 
     21          	    -13.0           	       22.6           	      -14.1           	      -29.9           	17-02-22/15:33:24 
     22          	    -13.3           	       23.2           	      -14.4           	      -29.9           	17-02-22/15:33:54 
     23          	    -13.7           	       24.0           	      -14.8           	      -29.9           	17-02-22/15:34:24 
     24          	    -14.1           	       24.8           	      -15.2           	      -29.9           	17-02-22/15:34:54 
     25          	    -14.3           	       25.7           	      -15.4           	      -29.7           	17-02-22/15:35:24 
     26          	    -14.7           	       26.6           	      -15.7           	      -29.6           	17-02-22/15:35:54 
     27          	    -14.9           	       27.3           	      -15.9           	      -29.5           	17-02-22/15:36:24 
     28          	    -15.3           	       28.3           	      -16.3           	      -29.5           	17-02-22/15:36:54 
     29          	    -15.5           	       29.2           	      -16.5           	      -29.4           	17-02-22/15:37:24 
     30          	    -15.7           	       30.1           	      -16.7           	      -29.2           	17-02-22/15:37:54 
     31          	    -15.9           	       31.1           	      -16.8           	      -29.0           	17-02-22/15:38:24 
     32          	    -16.1           	       31.8           	      -17.0           	      -29.0           	17-02-22/15:38:54 
     33          	    -16.3           	       32.7           	      -17.2           	      -28.9           	17-02-22/15:39:24 
     34          	    -16.5           	       33.5           	      -17.4           	      -28.8           	17-02-22/15:39:54 
     35          	    -16.7           	       34.3           	      -17.6           	      -28.7           	17-02-22/15:40:24 
     36          	    -16.8           	       35.2           	      -17.7           	      -28.5           	17-02-22/15:40:54 
     37          	    -17.0           	       36.1           	      -17.9           	      -28.4           	17-02-22/15:41:24 
     38          	    -17.1           	       36.9           	      -18.0           	      -28.3           	17-02-22/15:41:54 
     39          	    -17.2           	       37.8           	      -18.0           	      -28.1           	17-02-22/15:42:24 
     40          	    -17.4           	       38.6           	      -18.2           	      -28.1           	17-02-22/15:42:54 
     41          	    -17.5           	       39.4           	      -18.3           	      -28.0           	17-02-22/15:43:24 
     42          	    -17.6           	       40.2           	      -18.4           	      -27.8           	17-02-22/15:43:54 
     43          	    -17.7           	       40.9           	      -18.5           	      -27.7           	17-02-22/15:44:24 
     44          	    -17.8           	       41.6           	      -18.6           	      -27.6           	17-02-22/15:44:54 
     45          	    -17.9           	       42.3           	      -18.7           	      -27.6           	17-02-22/15:45:24 
     46          	    -18.0           	       42.9           	      -18.8           	      -27.5           	17-02-22/15:45:54 
     47          	    -18.0           	       43.7           	      -18.8           	      -27.3           	17-02-22/15:46:24 
     48          	    -18.1           	       44.3           	      -18.9           	      -27.2           	17-02-22/15:46:54 
     49          	    -18.1           	       44.9           	      -18.9           	      -27.1           	17-02-22/15:47:24 
     50          	    -18.2           	       45.7           	      -18.9           	      -27.0           	17-02-22/15:47:54 
     51          	    -18.3           	       46.3           	      -19.0           	      -27.0           	17-02-22/15:48:24 
     52          	    -18.4           	       46.9           	      -19.1           	      -26.9           	17-02-22/15:48:54 
     53          	    -18.6           	       47.5           	      -19.3           	      -27.0           	17-02-22/15:49:24 
     54          	    -18.5           	       48.2           	      -19.2           	      -26.7           	17-02-22/15:49:54 
     55          	    -18.6           	       48.7           	      -19.3           	      -26.7           	17-02-22/15:50:24 
     56          	    -18.6           	       49.2           	      -19.3           	      -26.6           	17-02-22/15:50:54 
     57          	    -18.8           	       49.7           	      -19.5           	      -26.7           	17-02-22/15:51:24 
     58          	    -18.8           	       50.2           	      -19.5           	      -26.5           	17-02-22/15:51:54 
     59          	    -18.8           	       50.7           	      -19.5           	      -26.4           	17-02-22/15:52:24 
     60          	    -18.8           	       51.2           	      -19.5           	      -26.3           	17-02-22/15:52:54 
     61          	    -18.9           	       51.7           	      -19.6           	      -26.3           	17-02-22/15:53:24 
     62          	    -18.9           	       51.7           	      -19.6           	      -26.3           	17-02-22/15:53:54 
     63          	    -19.0           	       51.5           	      -19.7           	      -26.5           	17-02-22/15:54:24 
     64          	    -19.1           	       51.1           	      -19.8           	      -26.6           	17-02-22/15:54:54 
     65          	    -19.2           	       50.6           	      -19.9           	      -26.8           	17-02-22/15:55:24 
     66          	    -19.4           	       49.9           	      -20.0           	      -27.2           	17-02-22/15:55:54 
     67          	    -19.4           	       49.2           	      -20.1           	      -27.3           	17-02-22/15:56:24 
     68          	    -19.5           	       48.7           	      -20.2           	      -27.5           	17-02-22/15:56:54 
     69          	    -19.7           	       48.3           	      -20.3           	      -27.8           	17-02-22/15:57:24 
     70          	    -19.8           	       47.7           	      -20.4           	      -28.0           	17-02-22/15:57:54 
     71          	    -19.9           	       47.5           	      -20.5           	      -28.2           	17-02-22/15:58:24 
     72          	    -20.1           	       47.1           	      -20.7           	      -28.4           	17-02-22/15:58:54 
     73          	    -20.2           	       46.8           	      -20.8           	      -28.6           	17-02-22/15:59:24 
     74          	    -20.3           	       46.6           	      -20.9           	      -28.7           	17-02-22/15:59:54 
     75          	    -20.5           	       46.3           	      -21.1           	      -29.0           	17-02-22/16:00:24 
     76          	    -20.6           	       46.0           	      -21.2           	      -29.1           	17-02-22/16:00:54 
     77          	    -20.8           	       45.8           	      -21.4           	      -29.4           	17-02-22/16:01:24 
     78          	    -20.9           	       45.5           	      -21.5           	      -29.5           	17-02-22/16:01:54 
     79          	    -21.0           	       45.5           	      -21.6           	      -29.6           	17-02-22/16:02:24 
     80          	    -21.2           	       45.2           	      -21.8           	      -29.9           	17-02-22/16:02:54 
     81          	    -21.4           	       45.1           	      -22.0           	      -30.1           	17-02-22/16:03:24 
     82          	    -21.5           	       45.1           	      -22.1           	      -30.2           	17-02-22/16:03:54 
     83          	    -21.6           	       45.0           	      -22.2           	      -30.3           	17-02-22/16:04:24 
     84          	    -21.8           	       44.9           	      -22.4           	      -30.5           	17-02-22/16:04:54 
     85          	    -21.9           	       44.9           	      -22.5           	      -30.6           	17-02-22/16:05:24 
     86          	    -22.0           	       45.0           	      -22.5           	      -30.7           	17-02-22/16:05:54 
     87          	    -22.1           	       45.0           	      -22.6           	      -30.8           	17-02-22/16:06:24 
     88          	    -22.3           	       44.9           	      -22.8           	      -31.0           	17-02-22/16:06:54 
     89          	    -22.4           	       45.1           	      -22.9           	      -31.0           	17-02-22/16:07:24 
     90          	    -22.6           	       45.0           	      -23.1           	      -31.2           	17-02-22/16:07:54 
     91          	    -22.7           	       45.1           	      -23.2           	      -31.3           	17-02-22/16:08:24 
     92          	    -22.7           	       45.4           	      -23.2           	      -31.2           	17-02-22/16:08:54 
     93          	    -22.9           	       45.7           	      -23.4           	      -31.3           	17-02-22/16:09:24 
     94          	    -22.9           	       46.1           	      -23.4           	      -31.2           	17-02-22/16:09:54 
     95          	    -23.1           	       46.6           	      -23.6           	      -31.3           	17-02-22/16:10:24 
     96          	    -23.2           	       47.3           	      -23.7           	      -31.3           	17-02-22/16:10:54 
     97          	    -23.1           	       47.9           	      -23.6           	      -31.0           	17-02-22/16:11:24 
     98          	    -23.2           	       48.7           	      -23.7           	      -31.0           	17-02-22/16:11:54 
     99          	    -23.3           	       49.4           	      -23.8           	      -30.9           	17-02-22/16:12:24 
    100          	    -23.3           	       50.1           	      -23.8           	      -30.8           	17-02-22/16:12:54 
    101          	    -23.4           	       51.0           	      -23.9           	      -30.7           	17-02-22/16:13:24 
    102          	    -23.4           	       51.7           	      -23.9           	      -30.5           	17-02-22/16:13:54 
    103          	    -23.4           	       52.6           	      -23.9           	      -30.3           	17-02-22/16:14:24 
    104          	    -23.4           	       53.4           	      -23.8           	      -30.2           	17-02-22/16:14:54 
    105          	    -23.6           	       54.2           	      -24.0           	      -30.2           	17-02-22/16:15:24 
    106          	    -23.5           	       55.0           	      -23.9           	      -30.0           	17-02-22/16:15:54 
    107          	    -23.5           	       55.7           	      -23.9           	      -29.8           	17-02-22/16:16:24 
    108          	    -23.5           	       56.6           	      -23.9           	      -29.7           	17-02-22/16:16:54 
    109          	    -23.5           	       57.2           	      -23.9           	      -29.6           	17-02-22/16:17:24 
    110          	    -23.4           	       58.1           	      -23.8           	      -29.3           	17-02-22/16:17:54 
    111          	    -23.3           	       58.7           	      -23.7           	      -29.1           	17-02-22/16:18:24 
    112          	    -23.3           	       59.4           	      -23.7           	      -29.0           	17-02-22/16:18:54 
    113          	    -23.4           	       59.9           	      -23.8           	      -29.0           	17-02-22/16:19:24 
    114          	    -23.4           	       60.5           	      -23.8           	      -28.9           	17-02-22/16:19:54 
    115          	    -23.3           	       61.2           	      -23.7           	      -28.7           	17-02-22/16:20:24 
    116          	    -23.2           	       61.7           	      -23.6           	      -28.5           	17-02-22/16:20:54 
    117          	    -23.2           	       62.2           	      -23.6           	      -28.4           	17-02-22/16:21:24 
    118          	    -23.3           	       62.7           	      -23.7           	      -28.4           	17-02-22/16:21:54 
    119          	    -23.2           	       63.2           	      -23.6           	      -28.2           	17-02-22/16:22:24 
    120          	    -23.2           	       63.6           	      -23.6           	      -28.1           	17-02-22/16:22:54 
    121          	    -23.1           	       64.0           	      -23.5           	      -28.0           	17-02-22/16:23:24 
    122          	    -23.0           	       64.4           	      -23.4           	      -27.8           	17-02-22/16:23:54 
    123          	    -23.0           	       64.8           	      -23.4           	      -27.8           	17-02-22/16:24:24 
    124          	    -23.0           	       65.2           	      -23.4           	      -27.7           	17-02-22/16:24:54 
    125          	    -23.1           	       65.6           	      -23.5           	      -27.7           	17-02-22/16:25:24 
    126          	    -22.9           	       66.0           	      -23.3           	      -27.5           	17-02-22/16:25:54 
    127          	    -23.0           	       66.4           	      -23.4           	      -27.5           	17-02-22/16:26:24 
    128          	    -22.9           	       66.7           	      -23.3           	      -27.3           	17-02-22/16:26:54 
    129          	    -22.9           	       67.2           	      -23.3           	      -27.3           	17-02-22/16:27:24 
    130          	    -22.7           	       67.5           	      -23.1           	      -27.0           	17-02-22/16:27:54 
    131          	    -22.8           	       67.8           	      -23.2           	      -27.1           	17-02-22/16:28:24 
    132          	    -22.7           	       68.1           	      -23.1           	      -26.9           	17-02-22/16:28:54 
    133          	    -22.7           	       68.4           	      -23.1           	      -26.9           	17-02-22/16:29:24 
    134          	    -22.7           	       68.8           	      -23.1           	      -26.8           	17-02-22/16:29:54 
    135          	    -22.7           	       69.1           	      -23.0           	      -26.8           	17-02-22/16:30:24 
    136          	    -22.6           	       69.5           	      -22.9           	      -26.6           	17-02-22/16:30:54 
    137          	    -22.5           	       69.8           	      -22.8           	      -26.5           	17-02-22/16:31:24 
    138          	    -22.5           	       70.1           	      -22.8           	      -26.4           	17-02-22/16:31:54 
    139          	    -22.4           	       70.4           	      -22.7           	      -26.3           	17-02-22/16:32:24 
    140          	    -22.4           	       70.7           	      -22.7           	      -26.2           	17-02-22/16:32:54 
    141          	    -22.4           	       70.9           	      -22.7           	      -26.2           	17-02-22/16:33:24 
    142          	    -22.4           	       71.3           	      -22.7           	      -26.1           	17-02-22/16:33:54 
    143          	    -22.3           	       71.4           	      -22.6           	      -26.0           	17-02-22/16:34:24 
    144          	    -22.3           	       71.5           	      -22.6           	      -26.0           	17-02-22/16:34:54 
    145          	    -22.3           	       71.3           	      -22.6           	      -26.0           	17-02-22/16:35:24 
    146          	    -22.2           	       71.0           	      -22.5           	      -26.0           	17-02-22/16:35:54 
    147          	    -22.2           	       70.4           	      -22.6           	      -26.1           	17-02-22/16:36:24 
    148          	    -22.4           	       69.4           	      -22.8           	      -26.4           	17-02-22/16:36:54 
    149          	    -22.3           	       68.4           	      -22.7           	      -26.5           	17-02-22/16:37:24 
    150          	    -22.4           	       67.2           	      -22.8           	      -26.8           	17-02-22/16:37:54 
    151          	    -22.4           	       66.2           	      -22.8           	      -27.0           	17-02-22/16:38:24 
    152          	    -22.4           	       65.2           	      -22.8           	      -27.1           	17-02-22/16:38:54 
    153          	    -22.5           	       64.2           	      -22.9           	      -27.4           	17-02-22/16:39:24 
    154          	    -22.5           	       63.2           	      -22.9           	      -27.5           	17-02-22/16:39:54 
    155          	    -22.6           	       62.4           	      -23.0           	      -27.8           	17-02-22/16:40:24 
    156          	    -22.7           	       61.7           	      -23.1           	      -28.0           	17-02-22/16:40:54 
    157          	    -22.7           	       61.0           	      -23.1           	      -28.1           	17-02-22/16:41:24 
    158          	    -22.9           	       60.2           	      -23.3           	      -28.4           	17-02-22/16:41:54 
    159          	    -22.9           	       59.7           	      -23.3           	      -28.5           	17-02-22/16:42:24 
    160          	    -23.0           	       59.2           	      -23.4           	      -28.7           	17-02-22/16:42:54 
    161          	    -23.1           	       58.7           	      -23.5           	      -28.9           	17-02-22/16:43:24 
    162          	    -23.1           	       58.1           	      -23.5           	      -29.0           	17-02-22/16:43:54 
    163          	    -23.3           	       57.5           	      -23.7           	      -29.3           	17-02-22/16:44:24 
    164          	    -23.3           	       57.1           	      -23.7           	      -29.4           	17-02-22/16:44:54 
    165          	    -23.5           	       56.6           	      -23.9           	      -29.7           	17-02-22/16:45:24 
    166          	    -23.4           	       56.2           	      -23.8           	      -29.6           	17-02-22/16:45:54 
    167          	    -23.6           	       55.9           	      -24.0           	      -29.9           	17-02-22/16:46:24 
    168          	    -23.6           	       55.5           	      -24.0           	      -30.0           	17-02-22/16:46:54 
    169          	    -23.8           	       55.2           	      -24.2           	      -30.2           	17-02-22/16:47:24 
    170          	    -23.8           	       55.0           	      -24.2           	      -30.2           	17-02-22/16:47:54 
    171          	    -24.0           	       54.9           	      -24.4           	      -30.5           	17-02-22/16:48:24 
    172          	    -24.0           	       54.7           	      -24.4           	      -30.5           	17-02-22/16:48:54 
    173          	    -24.0           	       55.0           	      -24.4           	      -30.4           	17-02-22/16:49:24 
    174          	    -24.1           	       55.2           	      -24.5           	      -30.5           	17-02-22/16:49:54 
    175          	    -24.1           	       55.6           	      -24.5           	      -30.4           	17-02-22/16:50:24 
    176          	    -24.3           	       56.0           	      -24.7           	      -30.5           	17-02-22/16:50:54 
    177          	    -24.2           	       56.7           	      -24.6           	      -30.3           	17-02-22/16:51:24 
    178          	    -24.2           	       57.2           	      -24.6           	      -30.2           	17-02-22/16:51:54 
    179          	    -24.3           	       57.9           	      -24.7           	      -30.2           	17-02-22/16:52:24 
    180          	    -24.3           	       58.6           	      -24.7           	      -30.1           	17-02-22/16:52:54 
    181          	    -24.3           	       59.4           	      -24.7           	      -29.9           	17-02-22/16:53:24 
    182          	    -24.3           	       60.0           	      -24.7           	      -29.8           	17-02-22/16:53:54 
    183          	    -24.4           	       60.7           	      -24.8           	      -29.8           	17-02-22/16:54:24 
    184          	    -24.3           	       61.5           	      -24.7           	      -29.5           	17-02-22/16:54:54 
    185          	    -24.3           	       62.2           	      -24.7           	      -29.4           	17-02-22/16:55:24 
    186          	    -24.4           	       62.9           	      -24.8           	      -29.4           	17-02-22/16:55:54 
    187          	    -24.3           	       63.5           	      -24.6           	      -29.2           	17-02-22/16:56:24 
    188          	    -24.2           	       64.1           	      -24.5           	      -29.0           	17-02-22/16:56:54 
    189          	    -24.2           	       64.8           	      -24.5           	      -28.9           	17-02-22/16:57:24 
    190          	    -24.1           	       65.4           	      -24.4           	      -28.7           	17-02-22/16:57:54 
    191          	    -24.1           	       65.9           	      -24.4           	      -28.6           	17-02-22/16:58:24 
    192          	    -24.0           	       66.5           	      -24.3           	      -28.4           	17-02-22/16:58:54 
    193          	    -24.0           	       67.0           	      -24.3           	      -28.4           	17-02-22/16:59:24 
    194          	    -24.0           	       67.6           	      -24.3           	      -28.3           	17-02-22/16:59:54 
    195          	    -24.0           	       68.1           	      -24.3           	      -28.2           	17-02-22/17:00:24 
    196          	    -23.9           	       68.7           	      -24.2           	      -28.0           	17-02-22/17:00:54 
    197          	    -23.7           	       69.1           	      -24.0           	      -27.7           	17-02-22/17:01:24 
    198          	    -23.8           	       69.5           	      -24.1           	      -27.8           	17-02-22/17:01:54 
    199          	    -23.8           	       70.0           	      -24.1           	      -27.7           	17-02-22/17:02:24 
    200          	    -23.8           	       70.5           	      -24.1           	      -27.6           	17-02-22/17:02:54 
    201          	    -23.7           	       70.9           	      -24.0           	      -27.5           	17-02-22/17:03:24 
    202          	    -23.6           	       71.2           	      -23.9           	      -27.3           	17-02-22/17:03:54 
    203          	    -23.6           	       71.6           	      -23.9           	      -27.3           	17-02-22/17:04:24 
    204          	    -23.5           	       72.0           	      -23.8           	      -27.1           	17-02-22/17:04:54 
    205          	    -23.5           	       72.4           	      -23.8           	      -27.0           	17-02-22/17:05:24 
    206          	    -23.4           	       72.7           	      -23.7           	      -26.9           	17-02-22/17:05:54 
    207          	    -23.4           	       73.0           	      -23.7           	      -26.9           	17-02-22/17:06:24 
    208          	    -23.4           	       73.4           	      -23.7           	      -26.8           	17-02-22/17:06:54 
    209          	    -23.4           	       73.7           	      -23.7           	      -26.8           	17-02-22/17:07:24 
    210          	    -23.3           	       74.0           	      -23.6           	      -26.6           	17-02-22/17:07:54 
    211          	    -23.1           	       74.3           	      -23.4           	      -26.4           	17-02-22/17:08:24 
    212          	    -23.1           	       74.6           	      -23.4           	      -26.3           	17-02-22/17:08:54 
    213          	    -23.2           	       74.8           	      -23.5           	      -26.4           	17-02-22/17:09:24 
    214          	    -23.1           	       75.1           	      -23.4           	      -26.3           	17-02-22/17:09:54 
    215          	    -23.0           	       75.4           	      -23.3           	      -26.1           	17-02-22/17:10:24 
    216          	    -22.9           	       75.6           	      -23.2           	      -26.0           	17-02-22/17:10:54 
    217          	    -22.9           	       75.8           	      -23.2           	      -26.0           	17-02-22/17:11:24 
    218          	    -22.9           	       76.0           	      -23.2           	      -25.9           	17-02-22/17:11:54 
    219          	    -22.8           	       76.2           	      -23.1           	      -25.8           	17-02-22/17:12:24 
    220          	    -22.8           	       76.4           	      -23.1           	      -25.8           	17-02-22/17:12:54 
    221          	    -22.6           	       77.0           	      -22.9           	      -25.5           	17-02-22/17:13:24 
    222          	    -21.6           	       82.2           	      -21.8           	      -23.8           	17-02-22/17:13:54 
    223          	    -20.4           	       87.2           	      -20.6           	      -22.0           	17-02-22/17:14:24 
    224          	    -18.6           	       90.9           	      -18.8           	      -19.7           	17-02-22/17:14:54 
    225          	    -16.1           	       93.2           	      -16.2           	      -16.9           	17-02-22/17:15:24 
    226          	    -13.5           	       94.4           	      -13.6           	      -14.2           	17-02-22/17:15:54 
    227          	    -10.9           	       94.8           	      -11.1           	      -11.6           	17-02-22/17:16:24 
    228          	     -8.6           	       94.7           	       -8.8           	       -9.3           	17-02-22/17:16:54 
    229          	     -6.4           	       94.5           	       -6.6           	       -7.1           	17-02-22/17:17:24 
